"","V5","V6","V7","Num"
"",15.2124, -9.69826, -18.9991, 1
